$ANSIBLE_VAULT;1.1;AES256
39633831656631366435393362323530623232353938356236633835393462663564656132353436
6135353638343062303764313064346237303463306437650a616137333761376631323834326532
35303965626465613537333331383165643239363463616439663230653266373862383735643735
6263343965366362380a336166303135383565303331626664616135353238646565323437646364
30333466383764333033336664376166313365333064643564313237383261336633333338373865
64396430396338653239663931666365366631376165643036363832323339663233376233666430
30393731336131356336313065376133666630383961653038353030326635636634373531653765
64656137346463373365333037346263613239633534366664343564633933613565383166623633
36346232386666656261663165386563396530316630623832616565366231343564333239316363
38346464333363623864656535383366333566616166353830373930323031333665363834393665
63383662303230383363326631646636666330313637613437666131306232646631626335343762
32636332616265626339323964366432336436663837306265666162646138326431313963393966
33636364396634663766633866613761633661303866653734666234616336363939666438623862
35393936326463336237383032636164616435303438323130383263306566373530656165616331
37616330363833313039626561653533386236323331316332396635643665313535353835313066
30623561613864653033376330383833393961343236323464303838626162393066363734626139
38643431323735323061373261303439613038323534613937353634366335663261316361333165
37303134306465663864626662393138383636616331643461373132383632393233326263663736
61346535363263646238323333366136323839393830653037343433336666353633663636646364
31656439343936626633396339636266336330363035356633663336643830613539366363653438
39383764643564623037353266393737313763663237373761363534613132353335623339636536
39323137376165633966353032373937383964343032323464656432313738343639333865653565
35383363653939626532353266663731613636366334353138366563316235646434333232623937
63366237333962663464616261303865353230313166616266326564633937393131383035623835
30303637313433613735336432303765656235366633303538623562363464653632303434316638
61656266616533623432303566663231323332306161363866346238306131306532623139306463
37356235636431653131343138373762636636356335336330343435653239363265646338396164
62363965643338613730653764323432316332393634303637303235346562373530363131343839
37366638383465666261323463613631326565616539333334613236363663616535646565396532
35386130613763373035326266313939623330303565636438393762353631313937373331313231
38666564316337336335346265303636323562343836656335383239303861333864626562633936
31383762633131653365373430613636306262613865363364336664343264353835656161396133
34643539363038643765653332393866366463336630636338396439306238633266343262363162
33663362353937373033383137316462613538396464353733343662613339333537343766326362
34383666663065353736396335373266356430396337303135646337613934376335383835646634
39616363653432336564383561343837333236653539356238356238393831646364366265393937
37333165626132323865303030346166383839623631633539383336646335623739313231386335
34393137333331346466383038656139373663653563306431383437343032393566323334316231
33666133663934373961616635313330333233363535653239353031333464333662366631653830
33383032626330643236623266313161376431643635303266653238366661373762633962316333
61356431313735643735373230313232386235656664303239353866346538393439373330653831
38366133623232313837333863613138303236643264303433313938383031363536363166336334
38303762613838613334393230313136616538623966316463326364313738633732656533653138
31333834633265383239393565376638306230333932343336396330346530613833376632366437
33363466376338363966663562373239376636313431623037613361386632646532666262386533
31303235363562623230633331323639643263303032663735373862646135326663613761356466
66363334393065346139316463333961386138336233643133336466653335386664613661633234
30643532623065633262333565353730383264373737373861313333663535363263353163326238
31633661366636313038333561363935646163656264383666663330306431656631303738336636
66333163663936653538633463613135653432376632623530383230643934363064633434343461
35623536663063316239326232633137316364623433633335386663396535333763353534643737
63316662633030653363623333633864333034343265396161343939396166303063363138343761
63386562323738336530666431316430613061363037336432653765656336633438313636643264
66666236643835313765336138316237653231613864363332383234323130346238373864356164
34376533383062666531373164393963636537323734643331363963383335393862623334363166
30666636656136373238306166393463356262306434363963623835363762623466396664343936
33666139656633636137363235626461343731333637646164393862366130633333393131323036
61666336633939653934356630346464626132663034326139643838663935343466366533656538
34333330356632613639623666333563343636616161323966336435623461376630353138626661
65613534323161303464363135626434303238613264396264656631363032303731636536393431
31363631313934346565373931633336363564336132333563666431383531363863643935323834
39633039666539363063343935343134323030653666313363633035666638643339316665326338
35393539303964366131613434353734653538333739386561306639363934373933306132303733
66623164303137303732376435626465353364323239643664313331653933663463353733376330
61623962366338616533353339393037396437323463653764383536363265353433363564623664
36373133316631626130376533333535326463623035363737396336313236663765386638653030
63656166646230376237613336303039643630656436333735373232653838393262643632306237
37313439323332346664666533666236353638336631643763613262663339613666636630383833
62393734313131373332333837626336386565646661613638346635346165623533623033623165
65316162383766343730366266353463383437363064333831306530313866633330666539323537
37356633333933363830636538353630386538316330336639303334353762383862656131336464
36643439623965386664316432366564386438326663653231633761663863393131306336336437
39363766363938616165323231303934653834353031363333383634393863626533663862313330
66306234343233326266323539366238386263343739653335373835626366643831343134306262
66613233623737346166343236326134633138363635373737616433396432353731326232623432
31623162363666376464376139363438313334643835323836613838616465616533633539343238
64656331616233396166663966616566333265613165336635623761386537663534393564353465
61326563383131386166306561356530383336666564656264313463623832396535306465646530
62623561373738653664393236366435373961323836653438613866623238623763656263613866
30393261623837343539306433343362653137613431393763346530306536376234303261366431
35393539306134373738386339373766663530346631626239616563343434393032613930653538
37646162623464313039343231346661633238323262366232376434376566383333346136393332
39656437653162333335613736346631376239643734633365636139653762636638306530636330
61303364663561353332373662336632383633353665613938623135373934643933306564613138
35386639366130386361386464623238326633643036633735306261376437386638353638383461
34306264353066646661336537326132376538666362393434383263373733356235613734616135
35396432393538613332616237396165653633343166636665333162386561623663353066366663
38363362393333326134
