$ANSIBLE_VAULT;1.1;AES256
33373630653235343763326331666535393532313165643132376234366334306230356631646638
3038386132303661393063373131373063303537666232360a633361313932616362383334306235
31643534393861636161616166356664393565653465383338383636383930346138616332343434
6330316638393866350a373262306430613236643434396335316238646534356235646463653439
38666631663033643331303361366566396663376361653963353134396539326638393434343961
31656136653466623939346435363437313761323938626364333663633737313937383031363436
66313535623631666333306564333131376530306234663735653831353261313733346466623330
62613439633762393937613530616639363338633032316631613564316530666430363335343965
34616262306132646233363134653232343135376333363566333335313965656437393439643933
33653534616264383933643333663262613538663162303165393531633134653431326265393665
31663330623633326234353162643538373065653438643265373834303562363534336239383739
34623939386438333939386636633335383331656261636565613738326337613337636138613939
62316336356439343062626665646431633433386665623865616330313666343231653962613233
36373736613339656630633339316334613032303532333033643438313933643565633532363365
33643238643161396365346263653530336234616561393539656139316565386336366231616663
61383864303239343836303761396239316638666233343162316433333262373636383934346666
37396135316566633064643834353534656566663062313537316633653236383539393431653936
36336263623562333233386537626230666333343838303131653062636235376561326333613036
65373163386362353934343266643262336665316566303764323865353032653831383766313335
65643262396562303065303562613662613765353132376235333732323330376566626233663532
37303637343130646132383936653465653964613966306236353633366636383061363435356136
64633363313763656365396139313764363838373865653639633234333031643137336435316139
61616337663334393834396231646538376162323239393234323665663463653639623030313363
64393338393033386665613865313537643833623566363834326635346333616665356461306437
37363139313933316630613064373938323630366132663662363032303534306337356538356365
31623133343631353137623566653539643532363664646633346561666331366533336634313732
33643535613038306232383164313737393632363863623337313539653762353562333062623838
32363564376635353536633435323663633631356435623631316235623363313639363734663835
62646536633536613866353637356634666233353862616530373437656264343563393139363464
61363038396333336533326362336531343036343636373638313333653639633436363261666136
64343439386537666164633364623338626139373832643461633638623233646432323763323039
35363161333536393236646239653632353634396136663662353562366436653633356631393066
62333733343032626638633130633634323936333639326330303234373831333765303165373466
37626634383732656131616665313064393536396264643230306261653265636637303737653531
63616264316134313039356332646336653434323631356539333962623261323036353830333137
36316238393937653961623639613435313432663264343864633238656263626262643463366435
33623963666465383531343665663262326337616465623032336234336363343563376633363261
33306664376433383466646337666464306161363337666336323439396137366432346431313730
37366366396665653632636337666236333764303630633763656262306639616233383633376163
65323865646434663439323436396163333830633434363535316338313264656333616364396165
38306562386636313065386635663538396531653932306433316466386661376531333031653139
66323237316539323030663431656666316662366564653537623830666161336136613866383633
65326335323134343031616364396539623430363136383062353539616130666436623832303363
64346432633537336664646430336635366536323935616663656132626630346438306466353764
64376366343634633663366461316132643535376235313264326331316436646132303536336633
35316431623631373834356433663234353335643439303961303461386362643361313666313330
34323836653365313761356131353363306262363762653935333833353836313934623031303330
66613534366235306230396634626539646131623963646463393734313665626338396666623031
37633938656335383765323433316231643436356630303861336634353731666638663735653235
31343138626362636133303232646631656264613634323861633833326136323033636330306264
34343036353663636134396138663563323862383263323935636435303764666661333966333866
30303562623032646535386263386439363265323563383463303765353230386532613330393835
37333565386338336666393233346537666137663766313064336164616630613035623139333130
38626137383734386237663265613938306363663731613231633861613966373436393461613638
64356239616463363234623837303766623533393037636633353864373837393531626263323163
35613139313766653236326336653031376436613066616530643065333833663831663536643537
65323731626133316464316538363135396638386265346561653233373233653639323334623135
64323766383663323961346533393065373362666139356366663630396630366666616263656662
65616237663965316562306266376634613437353461386434616532393430336135353630613337
63333063336230373563366637333533663131386662373333383266656565656464653834663430
64343231326339356262313832666265663764646162303232653865393634323136373436383130
32323234343264623437653735613332663162343864616266616239623233303663633230373133
30663734653437333762626336623634333361336162653032656635346433336139306431343232
36626665636364336435306532656638643135623735303161653665643963633031613038653931
61363261616330383337383366353133646333336236306337316639633366393664326636373533
66356433633230613863306461386362313263626132616566393463356239323835626235376330
63613738613465323830666462313165313736323861333963623432323433636435306130636637
39383734623062393332393832646135633562633533366438386136373238633762326335373161
63663361323762373530353239663035313838393965353737663163363461336462616261383337
30623733386464653136626334343137306135623037643233343835373731366638373135303230
32313533666335333166623736646235383661353937613562636632333532313462373963356366
34626532656136393338343065306437616635356338646634656530666665346534366431343138
66613963646230633937616533633763303233313935353661306362663736323566653662633038
30316238633538326362656138663535383265626265363135313961663263353264653866636532
38646233613833353261363435666565323936356338373633313031636133363235666466303361
63393261336530346433313163373266383335363936663632353434393261333764666432343938
66376139366363373066663363653230616462613666306562393466393437396466383461653036
63366564306261383432386236396231353964666265353937386330633234623066356234336331
333437613465383037393737306165653631
