$ANSIBLE_VAULT;1.1;AES256
38343637306534356431343233373538386461643564373337353937336535376561623761616637
3738666634653039666535393831663366396635363762630a656364356636343231303466393437
35326235366566316534616436336664643866626162656233613331366163303164323066383735
6439323532323066300a353733633733366136366435303234636430383333303439623763663834
34393665393035306565316430356633316666643564386364326636616563353737373464353164
30356532626639646233323731396135343264376330396665643139633132353461333530643034
39373733333231633637613332323938363066373563303931383737646434323266323034343163
35313037346339623730653564353464636266646439666262663066356662323732313562366638
64386336663064386166666366623135396662396633616532346631303038613937633061616237
64313234613432383064323839343561636133356462616164356334656666626436663237383165
34663163643034303764346131643061653030623437353437646534333639333961396339653138
66356366633462313864373765656330323765326235306635656436383438343266666532316231
39303136643861663430336464633962636161643566313239636431633239326561336130653662
31343136363364366332316535336139356130363734653634636464643266336233316363333135
61343238663439613235646434303137393537306632373934393866623532333963646637626339
33316130386635313438306166633437663463333132353734366236343064303835383331373439
66633636346236373237346563343166363063336464396137353066323632633061643763613062
36646431336637616234333664643037313538396365653461356139383139616234626137323531
39363930386238653163396333383238333235666133613934383536643564356264383639393465
62353930383739656561316132613638313734653332356335373435343838616538343337353231
30636133383234373534633936646136643166646338356236663266363333383834633266656332
30323563353732346465636633636538643866636339316266336436633163323938343138393865
39646363633866343561373731636264626261343934373037336361653139366164353438613363
61343636373865643766303032616164643430373130666635383436383462656334656566666233
3435
