$ANSIBLE_VAULT;1.1;AES256
63313262336631326163646165336633636530626232316139306534656534643666383639373836
6363623764333933656132323539643533343361633462310a613063306366373438306364333361
39646238616363336163326430616230313036343264643365343532373330346666366564613632
6435666530636236350a616330663934356365616234323331376630353361336561643633363366
62346639613562653763396430353766373331373766646264323534353365376263363862666636
37346333636333323366633062343863313064376238383533383031643839633962393731356461
36323532633363636530383966346462643866613434393730386336643764353934663635313463
34633661363330316561633261626562653534386466626634336266326638343638383436306364
32396666366438646462353163373236343738393632616264663639326539643635303338363730
38343462653062376662616436356235613661616462656132323038646139636238666634363538
63666163633265356361343936323636313039346563373733383130393537333035613264646464
65316236353634376661313963383565326537396162313635633165633162613835366432653937
66326431323465636638653365613539336564623836373532616639356638303935396362356130
64313763613435393635656334333430656239353266646464663164363434336561376332343030
38306264663436616136316437323836313532383964393866376531633462363462653337656664
35663231623930383830303039393535373163643734323264376363633438636537373536626266
34316665336365376538626331353736613334646161383861336339666138613439373436653261
30653438333734356431626534326533313936636163356231646235343861616135353037646136
38343365313236613630343834343333373363306666313837336531653237626139613130666232
66616237303261306663303737363935303733316433343937643064663934386437376137303930
33396138633638363733613565333330393537333031343166623131393064306466626439303165
34653034393430326134633064663635616664386239333336343034653261336331383063646464
37373238613133336533376635396632623136613864333930643832336332303466333562626663
33343737623533613035316232653866386238373137666436313230613838653638633531306163
3534
